# Created by Octave 3.8.0, Sat Jan 25 13:53:43 2020 MSK <slead@MacBook-Pro-SleaD.local>
# name: v
# type: matrix
# rows: 1
# columns: 10
 2104 1600 2400 1416 3000 1985 1534 1427 1380 1494


